805 860
892 936
116 488
465 768
18 368
803 897
686 772
540 672
439 923
772 869
477 914
838 973
89 464
200 678
717 727
357 507
295 297
258 956
796 891
119 298
598 644
760 811
637 651
535 658
719 915
885 893
159 625
456 628
750 900
311 759
322 747
546 895
518 852
259 845
320 859
55 687
310 753
30 557
405 694
423 668
416 681
878 904
581 849
18 208
869 960
378 803
350 780
819 929
764 815
423 827
565 967
685 869
69 609
148 851
599 715
393 627
887 981
842 952
296 435
166 418
499 618
763 844
271 288
264 695
638 896
54 751
528 751
582 744
625 974
244 722
