68 570
71 103
258 338
687 825
281 303
552 765
674 910
350 478
861 927
105 132
809 938
234 668
688 957
697 993
470 730
622 881
269 449
535 706
32 41
386 999
714 859
837 965
29 376
497 673
130 886
214 879
45 351
254 683
648 686
204 217
679 832
609 989
758 858
576 847
639 777
70 88
353 833
788 838
754 822
271 353
155 960
683 761
283 838
608 740
476 537
855 954
824 989
256 776
680 786
2 679
162 633
443 487
709 810
846 888
108 953
341 535
325 787
747 982
730 783
465 968
877 914
574 833
618 824
627 709
26 619
420 421
542 661
461 780
24 829
156 754
