746 773
243 652
671 730
163 278
606 947
555 656
655 694
7 379
232 619
96 216
521 777
135 455
79 206
634 647
40 249
260 577
876 887
616 900
61 821
875 896
517 721
656 912
842 976
406 937
232 858
201 899
422 499
90 197
311 960
815 895
190 559
514 1000
808 856
369 466
32 690
623 801
885 976
338 680
796 961
534 931
190 924
742 836
402 855
472 636
513 787
896 908
203 656
453 582
219 559
367 829
644 782
786 791
684 942
442 970
9 512
464 719
333 471
591 604
452 986
456 764
893 916
722 859
562 964
265 833
316 946
373 617
697 908
723 848
772 794
717 797
513 632
389 837
848 970
617 879
59 81
387 938
294 566
825 844
659 703
555 852
377 755
526 790
239 411
33 169
818 995
458 743
780 790
818 888
794 992
376 502
