361 971
782 961
762 894
290 745
756 867
890 998
543 864
524 982
326 502
784 822
119 556
411 506
805 990
309 594
720 937
429 450
186 848
777 784
664 994
713 871
725 839
345 547
224 378
409 432
34 912
728 818
267 728
830 975
36 534
163 963
139 146
859 927
187 466
235 251
599 946
204 511
686 934
169 298
529 903
531 532
42 211
643 697
703 902
355 612
454 766
622 673
523 664
280 676
725 988
374 445
74 303
109 493
347 405
355 927
665 914
716 954
671 801
869 996
361 839
634 822
899 926
899 961
657 712
710 952
431 829
642 968
318 873
401 417
80 784
75 888
880 956
803 983
341 806
395 845
46 476
295 904
401 876
133 325
225 781
876 895
602 869
665 691
588 775
858 925
90 511
241 446
871 957
647 954
416 714
50 860
