2 427
334 912
195 914
214 914
385 697
21 140
566 953
263 930
590 858
181 364
4 913
113 604
98 912
826 982
20 707
57 648
652 873
803 851
474 487
316 987
86 100
563 769
500 534
455 772
406 453
121 605
182 693
733 735
722 741
298 382
487 914
87 329
321 723
481 567
304 355
289 904
366 800
350 893
557 585
899 976
697 880
709 738
117 455
777 796
777 993
210 661
500 615
330 631
478 639
67 578
262 905
749 778
893 907
229 355
90 965
529 964
774 797
236 779
695 954
778 823
405 817
853 997
558 632
808 961
843 895
376 729
32 785
801 873
74 302
848 974
672 982
833 974
683 822
281 497
231 811
411 865
693 784
734 812
50 906
653 941
220 348
179 822
222 597
127 131
251 443
285 713
196 452
675 974
191 373
719 885
