96 206
390 943
785 844
463 673
242 785
530 713
666 780
29 356
258 811
169 598
145 947
315 468
78 360
380 658
817 932
160 658
230 413
511 648
660 874
864 897
670 926
546 918
735 890
604 681
164 695
579 789
567 923
838 946
846 933
724 847
384 601
153 514
517 564
63 838
790 935
639 739
812 916
410 798
758 854
207 243
779 786
629 847
549 931
321 521
691 891
320 807
882 992
867 991
115 668
491 832
375 485
77 920
633 895
96 133
82 756
411 444
723 948
141 499
89 509
369 853
169 872
827 970
2 747
691 781
461 687
855 892
171 678
527 661
406 739
301 376
225 466
827 867
721 967
563 641
680 800
537 916
545 586
784 891
855 893
543 977
240 432
17 92
601 881
499 959
81 110
411 839
577 990
43 877
243 439
311 843
