462 831
412 573
627 951
666 677
458 824
731 851
826 835
620 959
346 624
652 963
196 221
380 384
742 804
666 920
743 911
397 454
572 971
573 982
480 821
200 481
322 504
862 921
447 606
1 957
379 427
817 862
748 781
873 960
416 560
363 534
244 487
768 962
849 871
550 693
130 283
348 673
190 421
443 557
220 799
258 570
755 894
73 227
563 886
559 567
183 487
708 748
109 171
397 580
728 730
631 779
683 792
597 856
549 644
121 222
149 547
575 702
36 737
336 859
456 744
768 868
823 826
68 772
168 188
791 978
355 572
774 856
718 977
194 229
672 964
279 710
