741 841
448 848
307 784
478 585
628 731
219 789
713 804
426 937
440 633
783 966
205 722
10 68
54 491
527 730
385 902
671 809
720 750
5 483
214 445
866 987
756 819
688 800
864 944
884 936
703 959
698 939
372 503
176 980
18 44
495 535
99 947
21 671
618 829
211 673
124 575
510 856
307 906
270 586
2 642
684 991
858 939
269 791
127 422
845 949
53 769
720 924
203 977
4 84
375 527
463 624
892 914
884 953
137 961
439 928
130 509
848 875
528 577
350 516
259 560
528 771
49 278
878 983
525 563
891 908
793 936
847 910
462 719
793 864
782 834
191 500
246 882
649 768
360 925
335 590
118 695
734 786
662 863
132 906
256 467
511 892
330 639
774 987
642 868
829 883
113 273
40 770
620 667
197 259
817 856
601 708
86 532
108 363
552 832
488 760
183 631
333 751
401 911
189 355
662 871
173 308
