313 387
514 1000
355 499
14 967
393 984
750 825
551 793
219 359
586 933
598 648
774 863
541 734
208 897
749 969
94 723
740 760
613 668
446 959
791 953
719 976
198 706
87 125
135 474
468 889
671 880
608 897
322 467
363 573
818 842
435 845
437 533
530 778
410 768
28 864
758 867
227 285
812 944
848 981
67 891
686 983
398 760
501 676
448 876
220 618
747 940
691 950
182 475
293 838
163 814
159 904
469 940
635 716
751 943
810 961
198 520
605 809
230 937
212 983
170 911
710 980
781 889
647 747
633 650
811 1000
10 531
750 757
239 499
76 976
817 835
322 395
838 845
128 905
178 346
318 792
44 620
873 1000
309 545
277 557
89 986
719 781
623 903
888 952
432 718
423 553
270 459
653 660
659 835
157 556
361 484
520 585
573 796
791 898
480 584
490 667
654 876
396 697
735 985
859 926
32 434
817 961
