536 579
870 893
734 884
76 335
547 709
519 986
557 745
564 613
419 531
424 846
130 437
808 982
330 660
495 534
153 341
460 466
434 922
696 808
424 589
596 636
639 668
493 875
193 470
723 989
821 837
20 532
247 560
487 514
170 718
329 573
895 985
210 504
714 881
725 962
809 983
24 614
215 847
631 663
356 576
582 951
139 346
124 195
341 553
854 889
510 550
898 941
739 957
707 827
892 984
487 834
723 802
804 893
777 828
713 733
7 595
418 607
812 934
493 809
454 757
777 842
819 851
384 484
447 960
381 546
653 941
578 974
12 923
79 565
288 673
468 613
292 590
131 560
165 213
7 537
17 627
810 961
694 731
203 926
321 629
395 925
881 946
244 267
353 690
611 748
397 689
387 897
826 895
371 696
167 686
854 936
