306 990
398 596
38 221
500 694
853 861
61 636
410 903
611 922
508 703
859 861
858 877
844 916
613 934
45 250
105 258
95 406
603 628
791 999
662 717
54 919
700 705
212 936
321 609
642 795
110 130
409 502
590 758
652 979
481 844
381 545
288 823
430 756
310 339
543 565
18 699
409 707
14 201
572 713
726 850
54 540
532 606
272 694
250 502
645 813
409 944
269 341
43 550
53 520
692 774
406 769
889 980
540 803
874 937
687 914
828 888
246 508
900 996
371 742
515 665
574 739
311 891
776 948
839 931
185 452
11 27
840 939
784 854
294 663
899 997
509 912
430 886
683 763
479 634
669 766
781 793
403 624
898 915
162 424
587 743
865 940
