104 983
12 56
589 835
508 786
49 705
250 776
157 417
502 637
67 697
74 835
410 600
781 876
230 310
544 654
656 724
62 528
485 747
177 716
629 836
546 996
650 973
248 468
785 871
813 861
891 949
1 765
175 180
227 796
309 387
419 807
299 679
178 253
696 839
565 828
770 825
259 403
18 764
295 341
272 452
805 844
260 995
314 423
546 739
627 713
806 959
307 690
303 519
496 971
61 176
886 968
585 993
523 938
112 204
755 907
780 850
480 662
442 599
100 684
93 158
455 899
302 535
484 806
151 799
404 934
637 854
895 983
213 654
44 936
579 743
411 586
