201 463
301 578
487 622
794 987
5 810
382 977
371 382
598 798
713 843
486 653
566 852
116 823
604 906
422 959
567 802
63 71
702 804
462 783
772 859
369 664
674 851
359 579
818 859
687 735
796 871
470 507
744 807
153 988
489 640
721 921
357 692
35 419
292 856
231 855
730 941
510 863
247 972
439 673
365 857
409 906
74 724
572 866
561 918
65 843
860 926
447 547
54 316
489 967
284 995
659 789
661 906
239 410
592 805
454 692
71 973
201 727
192 224
253 718
528 756
86 364
203 429
297 377
168 186
327 874
695 842
375 505
248 920
615 672
533 645
386 692
