59 895
663 777
557 651
810 952
185 347
189 763
793 975
60 249
591 837
820 888
782 966
47 542
744 955
770 830
218 891
723 827
451 655
532 571
3 997
340 754
250 639
66 194
247 374
392 662
609 949
898 912
625 878
189 923
645 821
594 692
663 667
557 778
621 907
506 808
159 835
395 485
117 504
307 508
488 877
595 680
858 880
527 904
494 892
24 504
871 914
272 693
406 569
791 796
334 793
95 745
506 528
699 874
264 812
748 899
271 768
388 586
15 154
162 956
543 626
589 677
181 257
430 630
262 497
247 807
731 738
655 667
145 437
803 857
23 392
127 939
132 355
847 878
590 678
309 778
124 600
228 656
720 872
719 884
83 142
134 496
397 796
799 917
403 549
758 788
418 956
259 673
881 912
127 825
26 811
187 323
397 864
212 273
378 826
485 763
296 781
846 987
115 201
349 650
471 741
632 980
