166 481
616 778
666 693
713 809
268 887
72 782
255 781
192 944
801 804
795 821
440 743
388 989
825 915
665 937
595 690
787 900
733 800
148 342
891 972
615 808
23 865
20 971
673 996
509 729
578 722
741 939
689 749
787 948
368 747
510 657
741 995
336 561
163 975
673 897
550 628
849 910
99 164
880 903
93 658
698 958
739 796
548 821
391 758
138 277
675 827
683 695
684 939
47 96
97 878
644 981
392 752
303 467
618 771
60 89
633 851
801 876
188 677
559 927
553 704
503 841
96 253
41 596
131 201
887 899
706 797
778 911
267 655
36 100
524 545
37 872
893 931
632 785
566 833
699 826
476 772
807 814
30 253
28 429
7 602
573 797
813 997
364 710
809 882
874 930
386 964
849 880
656 981
431 854
531 952
702 955
529 911
538 910
234 747
569 966
535 783
684 747
525 892
631 944
455 859
72 473
