553 636
89 919
164 382
151 957
613 655
684 690
178 711
88 694
17 309
853 993
727 891
603 994
596 685
782 900
217 601
853 898
789 976
562 680
387 420
634 974
396 457
81 238
763 815
384 465
537 983
105 655
774 819
65 520
109 139
530 531
411 892
738 965
59 254
149 792
858 997
840 871
4 778
234 350
153 602
249 294
835 842
530 630
592 689
276 880
584 811
506 961
400 501
671 879
291 813
344 355
699 783
861 949
107 911
153 610
716 879
558 569
161 935
578 881
832 894
439 976
68 541
373 851
543 846
583 695
48 890
895 925
266 565
441 913
402 997
827 940
77 817
848 852
242 467
520 966
326 597
419 504
21 960
361 799
462 920
444 488
