469 736
687 788
616 730
12 604
722 928
553 918
335 504
829 963
778 920
158 968
58 159
208 954
475 852
413 971
296 970
542 783
197 358
163 530
75 698
694 745
862 878
354 827
698 845
358 553
478 707
719 961
801 901
822 878
805 943
802 811
288 507
863 947
58 374
679 981
516 577
474 725
424 627
381 583
465 975
286 724
892 955
45 198
886 957
734 752
708 817
557 830
245 470
520 760
207 927
379 959
211 920
865 984
109 888
667 852
140 871
489 560
777 984
825 894
707 812
176 844
851 952
848 975
567 631
163 285
500 797
825 910
57 916
85 883
50 442
68 651
