405 837
57 652
125 972
886 981
558 995
448 653
42 387
127 795
777 918
304 679
381 501
7 875
640 689
59 652
151 780
240 484
502 710
552 652
749 823
111 367
688 846
361 821
412 688
705 973
243 528
600 662
51 99
7 142
799 902
733 892
59 95
465 907
810 955
782 1000
843 861
54 554
225 671
825 865
114 349
833 971
97 987
327 451
304 520
735 758
453 471
740 909
697 942
631 980
295 733
885 994
482 879
212 573
803 977
868 903
446 697
715 808
598 756
178 390
494 846
215 610
58 519
855 956
387 723
658 937
747 818
134 809
682 777
287 420
570 626
64 327
577 804
298 649
408 576
26 58
503 742
612 629
799 962
31 298
623 738
753 924
638 744
246 998
108 459
85 737
834 898
808 944
134 485
455 487
405 884
155 527
