815 995
693 865
47 955
555 825
95 576
462 970
801 988
110 683
498 546
814 974
14 962
675 718
899 947
647 801
96 988
578 711
752 993
649 853
317 337
236 367
777 866
303 871
711 875
390 769
153 222
361 519
574 702
186 790
332 945
249 291
104 807
778 779
656 980
133 839
687 719
646 827
456 555
760 778
526 625
64 711
71 634
139 869
504 505
72 122
481 673
134 258
18 87
885 985
821 973
174 763
788 898
307 569
878 944
182 615
61 631
355 667
155 324
643 685
869 986
203 522
708 954
370 752
385 558
148 500
614 821
135 895
806 871
528 724
196 816
42 655
744 837
389 631
272 999
495 756
23 69
233 383
566 831
4 561
413 807
676 929
562 616
594 888
513 619
501 554
814 883
27 345
182 956
158 343
602 877
852 985
