132 168
293 456
614 651
721 948
585 833
724 853
177 561
90 238
177 480
494 693
498 969
626 629
109 938
624 939
773 985
403 609
544 851
856 974
307 828
530 974
681 995
850 995
766 771
61 689
328 824
137 919
176 911
354 800
617 643
323 415
432 809
448 672
234 467
280 754
302 938
810 994
156 912
116 356
186 705
461 688
178 500
12 692
798 839
497 876
814 962
329 918
827 999
761 998
188 882
466 874
253 668
736 987
886 986
863 935
816 931
613 881
627 864
735 757
681 886
297 858
289 846
694 865
600 642
598 689
472 595
446 589
109 841
154 706
589 930
148 603
