158 416
335 594
499 706
224 533
674 954
159 935
166 429
816 853
476 546
238 750
596 863
733 806
416 645
261 522
810 827
124 687
798 934
98 333
560 853
640 988
548 674
795 917
816 946
727 886
288 806
205 350
775 861
684 953
822 848
504 650
300 662
875 999
631 675
748 912
459 800
862 990
88 155
838 923
441 570
401 465
152 425
101 770
536 784
649 757
155 614
162 321
582 606
731 778
28 705
677 698
889 991
281 471
751 822
800 941
188 916
619 889
4 837
254 680
109 271
837 929
362 633
646 853
441 678
288 602
101 145
707 943
559 623
644 874
616 617
256 707
