111 903
552 740
475 830
163 752
165 538
24 848
113 901
361 793
639 927
622 742
169 226
449 454
112 539
391 664
886 957
490 745
190 240
179 768
878 916
811 896
260 769
361 1000
344 864
490 985
156 788
727 994
160 923
270 445
774 780
467 659
521 652
540 735
488 998
766 816
34 870
696 964
601 960
451 832
788 963
721 762
493 871
230 303
642 964
25 487
152 922
734 847
6 698
445 652
575 845
674 788
620 981
710 877
336 351
613 801
96 821
53 589
151 675
406 915
111 827
335 382
619 812
782 928
172 913
859 912
858 938
220 746
269 780
307 808
863 1000
335 951
167 985
885 997
45 927
835 970
41 845
190 205
346 530
334 904
356 393
827 915
309 363
554 903
782 969
185 422
794 845
438 783
468 681
285 754
863 885
450 475
719 920
726 739
583 795
699 712
836 915
858 925
677 725
326 698
291 832
720 750
