781 997
390 883
565 960
382 454
226 548
821 920
484 739
480 996
413 729
118 582
221 965
364 571
861 874
795 884
148 669
807 945
795 875
186 233
108 237
535 925
530 881
765 780
588 961
144 166
114 241
252 545
688 757
795 831
607 625
601 859
619 972
191 192
356 859
540 737
520 659
580 733
669 757
42 818
541 830
642 886
595 731
721 827
191 293
192 428
208 947
256 388
189 255
472 911
529 721
827 940
741 960
478 621
32 792
743 807
450 489
585 661
376 945
65 840
876 886
344 850
535 790
505 663
66 571
293 397
280 653
195 834
589 828
813 858
44 908
558 566
2 989
556 875
671 705
769 901
605 793
550 860
423 454
535 935
162 953
611 855
477 521
457 909
412 542
269 362
503 980
643 886
834 997
877 909
731 852
832 874
836 997
363 762
749 847
454 743
254 486
870 924
178 571
18 252
647 685
419 752
