30 907
551 963
660 795
813 978
590 770
359 466
475 913
666 982
156 795
34 940
140 154
232 863
113 622
546 583
887 998
402 825
742 782
437 697
104 920
396 866
52 55
621 985
305 988
177 261
367 700
666 938
755 904
442 667
753 946
458 883
454 984
541 772
202 258
578 804
651 883
519 976
897 963
164 290
714 727
704 907
776 903
288 665
326 781
494 761
764 849
182 542
120 566
212 885
879 990
425 848
822 896
379 958
332 561
229 491
152 163
770 869
467 612
64 769
127 990
214 388
14 455
888 897
856 913
878 895
755 961
572 848
169 791
730 823
832 906
526 963
691 970
703 830
656 913
638 779
614 651
474 704
534 773
192 213
590 620
840 985
718 738
64 268
658 796
84 231
124 616
320 992
891 924
491 536
880 912
130 774
