410 909
867 893
746 874
857 917
847 977
89 423
802 906
693 868
332 563
369 667
22 746
509 616
564 704
784 993
106 273
80 105
862 907
852 943
860 929
160 627
563 879
2 49
578 956
649 728
795 979
668 920
400 422
722 822
478 777
530 713
265 400
711 839
437 453
720 804
329 424
34 766
442 452
894 897
662 769
456 1000
751 815
840 989
636 782
800 845
446 502
65 152
850 879
878 954
728 864
112 565
806 871
758 907
169 204
617 857
664 793
135 401
580 828
51 279
721 988
613 937
253 361
883 992
892 997
270 922
593 956
487 525
498 878
898 940
795 942
576 659
257 822
122 609
878 951
882 898
528 710
820 892
866 888
349 353
112 842
796 959
