469 943
887 958
414 996
435 540
19 686
439 978
454 546
781 960
29 628
465 565
67 944
501 903
455 638
571 649
378 451
103 800
543 804
97 601
510 676
563 838
268 815
127 220
564 584
169 199
388 759
881 930
678 690
700 834
818 920
665 941
845 856
37 231
15 265
862 867
716 930
451 598
70 842
591 910
858 860
542 664
59 375
205 595
818 825
172 913
645 821
306 876
643 740
27 54
577 655
298 667
110 834
813 878
767 938
352 589
79 235
7 853
457 693
553 650
472 867
188 625
423 481
764 937
445 763
606 900
768 775
103 984
321 407
380 988
377 431
96 437
458 688
691 808
57 447
305 604
710 854
593 642
222 717
227 602
740 907
526 802
258 529
308 778
900 963
539 975
557 759
88 231
323 750
287 831
646 988
624 681
398 908
11 694
633 975
691 805
236 582
5 884
705 826
59 320
624 784
187 699
