881 932
671 855
77 355
718 842
763 943
214 910
303 758
365 737
314 778
521 588
365 970
807 880
368 584
721 811
419 752
809 916
281 466
441 487
62 63
718 754
403 970
299 430
592 695
187 991
701 712
752 810
768 922
337 920
4 752
114 970
828 858
42 159
178 795
315 901
297 880
478 929
177 996
830 938
42 335
663 970
752 794
82 203
235 737
766 873
664 838
110 873
382 940
264 751
418 903
362 394
636 908
551 886
191 242
154 207
274 297
786 844
519 634
266 866
891 987
809 867
549 632
246 857
657 859
308 815
862 979
51 159
242 279
199 839
795 924
400 436
733 927
403 757
263 875
654 848
302 385
623 860
497 626
866 986
820 882
779 825
127 998
603 629
247 580
787 976
853 918
632 664
758 877
189 649
783 993
443 604
