186 361
536 992
631 794
150 340
775 933
665 833
507 854
230 458
817 886
30 992
517 579
203 712
67 872
186 595
345 681
277 926
895 984
850 909
156 569
111 764
274 953
430 820
351 711
99 690
786 972
179 772
398 415
83 482
380 656
599 984
737 804
281 824
748 847
785 999
704 810
307 492
592 742
705 972
120 558
508 787
778 914
498 658
431 446
133 531
91 632
63 223
651 927
473 625
455 844
552 666
194 724
311 848
213 601
103 135
812 837
22 666
750 948
284 904
389 404
562 717
804 933
152 473
807 970
455 562
315 816
171 407
489 690
618 757
203 466
200 431
