420 435
103 942
857 888
549 639
528 738
709 803
38 713
759 945
94 328
361 969
329 453
335 758
422 949
111 218
112 455
256 633
95 314
597 706
430 695
456 971
115 650
169 667
667 785
217 636
158 995
583 755
1 627
333 525
334 955
687 982
731 756
554 591
775 868
68 310
327 442
159 726
136 767
115 384
8 956
249 823
258 880
865 989
174 946
58 827
162 800
274 497
280 839
443 738
403 739
634 793
175 192
75 323
821 985
679 942
392 737
501 640
690 902
680 987
68 225
168 889
122 414
812 940
729 916
222 650
635 691
292 575
168 500
668 807
269 486
174 883
322 513
305 725
473 619
6 565
24 474
695 997
615 941
556 747
763 976
621 676
