442 872
153 838
880 995
669 701
188 958
262 559
588 968
252 316
86 505
134 581
596 657
893 926
510 880
100 911
225 372
582 789
793 879
545 558
17 787
259 729
450 732
367 460
186 596
506 591
594 880
884 940
38 933
754 786
224 480
33 911
718 901
726 787
661 837
712 811
294 335
634 875
505 565
36 203
435 1000
621 739
614 715
471 680
538 703
830 951
406 901
125 707
863 921
284 847
232 575
446 574
578 765
763 990
46 597
19 281
166 674
346 565
77 419
201 974
74 83
62 257
370 528
768 943
291 405
465 719
659 884
366 994
207 260
771 868
583 628
418 662
