806 944
429 921
731 764
105 242
642 657
661 732
852 977
598 903
186 758
873 918
42 405
678 874
539 818
98 791
306 813
166 900
775 933
579 770
509 605
715 832
876 958
736 843
505 533
631 947
328 664
769 828
24 638
266 526
547 621
585 630
413 448
816 972
861 967
91 923
476 594
220 386
537 748
678 841
450 879
156 532
725 922
449 871
66 768
767 795
429 539
769 992
352 763
110 370
353 655
597 719
99 480
390 734
94 146
637 815
515 930
834 937
388 578
702 711
889 893
209 265
191 196
773 950
886 925
514 676
883 984
35 798
263 622
891 968
652 953
781 831
379 717
255 701
748 933
152 687
126 540
842 851
858 979
723 851
244 299
515 585
