734 892
364 372
707 997
360 462
304 433
611 741
238 846
286 463
519 537
59 402
490 541
185 725
719 936
167 739
739 783
606 669
626 745
843 892
846 972
617 947
822 958
179 281
672 926
659 972
418 719
397 866
572 603
837 973
391 722
327 576
215 459
696 735
341 888
532 915
195 624
860 936
48 774
7 963
143 225
750 856
709 732
868 905
62 215
294 756
262 369
762 827
377 885
176 675
226 758
44 870
421 542
379 834
509 716
552 946
881 927
546 596
560 679
134 724
338 613
571 693
660 951
159 507
689 924
444 458
796 807
852 867
189 225
195 777
179 515
331 375
691 937
748 924
71 531
422 705
786 849
839 990
254 906
527 600
156 634
436 766
