141 233
695 703
708 930
556 791
870 912
49 198
322 456
204 369
453 815
680 719
597 737
416 549
13 156
185 835
783 885
80 191
320 408
318 879
414 813
794 802
603 768
793 955
257 441
53 771
550 621
670 699
115 334
244 467
740 945
574 798
865 913
709 966
711 792
688 909
890 952
478 672
452 546
377 820
543 833
256 742
128 604
390 468
683 728
726 764
264 427
693 851
173 643
348 647
296 387
530 958
42 505
703 944
162 611
187 387
653 955
251 669
57 381
239 529
194 702
378 947
738 873
294 941
768 810
848 880
835 861
306 573
867 939
306 593
405 602
368 730
531 729
757 812
549 786
778 871
244 780
715 898
456 866
849 911
531 658
680 778
