211 590
215 968
872 879
833 937
453 602
8 645
13 770
87 130
14 625
687 732
560 611
688 875
7 564
858 977
541 626
587 639
582 986
528 985
142 716
325 517
613 781
823 876
385 796
442 534
614 953
510 590
358 444
182 611
78 174
644 969
889 971
615 671
586 680
235 631
505 868
366 757
691 877
680 846
374 684
834 840
37 577
348 917
555 894
89 883
571 603
217 983
292 580
342 926
199 345
174 673
193 562
91 391
612 993
13 515
65 298
828 859
117 740
186 953
43 330
122 613
462 647
667 740
699 700
844 849
842 920
568 904
625 719
597 655
89 220
678 751
101 151
721 967
339 572
572 936
336 788
563 983
473 748
304 955
190 258
826 834
