326 330
802 930
897 975
826 956
216 959
666 708
876 983
663 976
463 670
26 835
588 675
852 906
573 906
285 659
875 912
646 737
553 946
517 588
63 833
237 909
463 774
665 1000
562 625
790 977
208 258
365 540
769 988
663 721
599 849
688 818
532 982
632 818
708 826
575 610
653 741
884 919
483 969
616 917
48 927
452 740
877 948
62 99
214 811
771 815
227 855
101 358
451 699
729 978
819 894
138 522
671 910
45 450
472 600
742 780
603 928
629 777
106 879
797 969
302 822
641 780
829 993
721 838
656 918
561 982
728 757
128 146
382 665
142 276
216 360
380 750
629 703
63 322
533 962
682 987
89 603
347 631
138 699
131 697
749 853
204 325
194 940
851 865
806 883
900 990
141 705
644 724
530 679
90 660
439 901
117 226
