474 988
671 682
876 983
56 477
577 757
377 642
552 578
719 766
130 372
519 849
526 538
796 868
719 886
297 783
839 842
175 902
611 904
482 571
448 715
869 937
763 891
421 637
286 591
371 998
889 932
167 959
160 326
676 890
456 644
569 752
881 891
681 818
395 699
202 417
362 623
557 854
649 998
86 803
781 954
146 824
500 897
423 945
76 578
471 709
305 861
433 598
427 448
704 708
880 938
701 861
15 404
563 916
468 915
36 890
881 925
47 716
663 919
117 629
571 660
428 637
549 631
769 812
355 564
462 674
898 951
15 382
75 771
187 533
418 929
106 640
756 857
148 259
236 552
621 829
245 512
220 991
354 937
403 984
586 926
198 745
