703 970
689 839
643 933
878 881
548 741
781 793
260 324
699 974
285 501
214 711
191 440
576 904
838 883
41 924
123 963
717 929
849 877
798 979
546 749
283 983
30 766
778 839
719 942
153 224
872 879
51 666
506 728
809 909
747 761
181 231
464 879
512 587
570 571
353 363
500 621
887 913
261 504
863 993
800 989
175 983
595 707
714 872
443 886
569 980
69 118
267 484
370 966
775 841
45 157
866 932
438 821
769 959
377 656
329 690
638 734
44 998
39 903
639 894
14 929
287 415
354 602
844 902
466 974
791 934
703 738
399 534
362 595
509 985
501 596
180 570
637 973
216 663
694 885
746 851
686 835
179 483
884 927
79 739
716 796
667 708
572 800
764 868
900 992
121 834
783 866
250 369
117 359
265 402
677 829
384 562
35 393
559 753
381 571
629 774
718 929
113 742
660 747
649 930
489 877
882 975
