67 141
579 790
526 599
348 481
246 778
698 790
90 943
455 568
251 573
148 659
697 845
452 762
579 703
840 904
515 530
722 995
505 550
295 334
433 887
201 336
114 377
126 740
184 967
315 547
431 949
895 952
360 419
211 713
440 521
80 862
801 967
563 596
658 688
187 686
648 808
320 895
758 843
442 872
749 764
680 976
566 597
510 729
831 837
197 850
292 927
7 78
346 378
410 792
453 560
2 570
798 919
760 912
584 784
883 964
550 809
842 947
338 568
664 934
22 479
509 825
205 988
540 571
51 414
350 453
336 989
520 669
198 220
358 889
234 505
519 865
626 697
681 967
303 832
566 606
185 719
436 824
807 940
601 904
855 939
71 715
181 434
215 239
793 973
447 505
249 940
215 291
539 855
273 732
285 577
623 886
