475 820
845 971
480 601
81 242
276 714
702 741
863 965
809 936
693 760
364 745
472 749
775 955
504 726
578 582
592 777
387 930
775 871
569 784
458 821
105 450
191 621
817 969
586 972
661 759
443 524
217 965
94 598
255 383
145 264
95 897
501 909
214 658
436 477
351 686
841 892
313 473
718 838
194 333
778 804
420 683
890 895
690 947
294 517
289 741
715 959
571 666
780 933
133 268
875 890
835 990
95 915
506 671
750 959
865 960
158 198
101 949
282 483
125 911
819 950
536 686
403 810
569 628
67 645
258 809
274 975
854 907
237 947
374 870
284 701
818 1000
