423 856
790 912
750 804
854 974
108 934
384 575
458 929
868 972
428 920
27 755
578 893
367 948
71 937
501 712
371 438
135 300
419 863
173 276
625 764
790 946
712 862
427 692
727 787
321 816
79 235
297 346
490 703
129 262
271 875
776 818
355 460
834 931
718 966
556 794
699 942
64 741
628 673
740 883
690 740
277 904
140 153
418 419
170 888
46 481
37 257
633 878
123 676
660 664
544 884
856 951
707 954
375 570
508 718
899 984
772 911
643 922
222 278
445 523
171 174
11 365
305 306
521 974
781 957
696 982
398 897
763 999
734 833
866 970
534 879
409 504
123 745
863 869
396 901
558 669
523 730
858 990
270 400
829 831
320 378
757 839
