127 283
148 965
370 498
491 740
335 729
184 819
56 124
463 502
147 771
706 877
643 789
15 166
433 764
780 976
553 719
578 961
536 992
738 791
119 455
172 524
594 912
258 506
96 234
429 992
211 484
735 736
264 409
242 859
416 580
296 660
727 941
566 836
755 985
758 820
336 905
448 713
510 688
673 779
177 228
577 847
711 947
655 830
477 527
291 822
749 821
861 992
832 938
261 890
319 915
652 762
321 372
560 830
270 976
683 947
337 820
172 434
648 734
340 662
379 584
280 760
81 650
21 466
144 358
430 649
163 224
543 952
459 521
155 482
208 890
621 695
623 862
773 793
701 890
445 643
163 967
211 449
778 916
765 943
665 792
322 471
317 561
80 195
561 658
856 869
348 796
453 624
729 869
285 628
636 896
880 893
202 247
72 600
898 921
307 393
691 972
68 117
722 885
704 786
480 935
93 826
