479 744
694 729
518 991
104 957
619 891
564 734
160 225
231 807
85 793
858 875
93 434
271 336
56 298
760 830
654 931
678 992
25 942
898 973
511 712
455 690
352 937
863 967
765 978
828 971
722 801
639 673
586 794
409 914
358 438
100 615
499 723
291 735
815 974
529 865
62 997
184 980
197 407
505 764
141 257
855 923
253 341
835 908
322 426
476 527
783 866
867 892
435 577
389 679
478 868
288 304
558 832
162 746
597 606
180 450
399 815
414 475
101 274
576 999
155 417
822 896
481 700
666 820
216 407
56 741
348 544
96 841
802 975
225 493
879 960
295 356
128 770
780 850
451 456
685 813
862 966
430 808
683 885
842 850
12 945
569 994
334 419
508 794
207 424
118 623
556 784
54 802
591 671
279 584
876 949
632 638
899 914
872 938
139 524
302 738
219 619
121 289
143 438
558 841
796 853
509 655
