587 690
307 510
186 444
857 982
630 888
515 574
848 921
416 553
746 859
168 697
349 997
499 678
741 792
375 842
714 961
815 943
90 511
493 536
353 425
206 343
886 914
105 994
444 539
76 173
364 509
477 528
135 188
452 609
194 405
350 877
802 981
781 981
566 945
608 881
346 852
765 946
525 815
471 912
363 367
348 817
131 383
772 993
471 715
88 287
666 975
87 379
735 794
375 520
572 850
769 833
111 851
168 664
57 440
372 675
559 948
37 233
377 509
244 375
38 128
421 449
568 971
560 991
376 461
641 817
676 763
453 628
723 905
790 885
426 891
804 905
190 673
295 622
353 640
513 752
547 610
244 928
835 864
273 601
818 858
280 401
336 934
33 507
124 407
839 1000
127 950
19 970
736 854
224 252
176 977
668 841
351 937
89 808
674 767
854 952
526 645
523 736
713 767
197 295
277 907
409 590
