360 968
694 923
866 870
623 858
817 939
71 988
20 664
42 330
116 585
879 906
842 895
254 761
775 868
672 997
749 764
112 503
375 602
169 504
460 571
484 631
284 680
809 971
595 908
260 660
104 644
830 957
151 591
603 864
189 604
116 395
777 793
726 933
744 963
89 932
736 968
91 99
87 553
741 756
206 557
378 845
666 731
19 786
73 956
386 419
312 798
223 702
5 56
240 304
852 874
847 923
23 172
366 975
322 674
181 869
353 781
410 434
882 956
260 827
855 863
491 658
582 681
333 818
892 948
727 793
884 997
641 916
269 892
530 978
481 921
19 206
142 206
431 583
733 976
319 513
622 982
777 907
430 669
887 965
75 230
677 836
